#6K
230.983, 0.01
220.598, 0.010953
202.015, 0.01306
184.443, 0.015715
164.571, 0.019582
144.943, 0.025219
131.676, 0.030526
117.371, 0.03842
107.484, 0.045768
94.476 , 0.059062
85.2293, 0.072428
75.2899, 0.092721
65.9796, 0.120493
58.1686, 0.155181
51.8495, 0.195506
46.0324, 0.248786
43.0063, 0.287606
40.0587, 0.33549
37.4627, 0.388228
35.4934, 0.43992
33.5268, 0.504513
31.4798, 0.590278
29.6466, 0.688554
28.0881, 0.795996
26.1107, 0.967384
24.6394, 1.13864
23.0196, 1.39213
21.875 , 1.62554
20.9963, 1.86421
20.1932, 2.09979
19.3433, 2.39131
18.5292, 2.74791
17.767 , 3.16718
17.1217, 3.59967
16.5328, 4.10761
16.0121, 4.66386
15.5544, 5.24273
15.2008, 5.82316
14.8551, 6.45493
14.5755, 7.16956
14.3155, 8.05944
14.0461, 9.12342
13.8924, 10.0627
13.713 , 11.2104
13.5494, 12.7285
13.3878, 14.7588
13.2414, 16.7407
13.1358, 18.9697
13.0312, 21.4097
12.8886, 25.4533
12.7859, 30.7179
12.7222, 37.6317
12.6587, 46.6115
12.646, 59.3142
12.645 , 76.161
12.643, 96.1442
12.639, 120.765
12.635, 156.311
12.630, 189.208
12.625, 222.705
12.6208, 253.117
12.5956, 298.524
#8K
320.648, 0.01
308.075, 0.010855
287.535, 0.012486
265.693, 0.014623
244.531, 0.017281
220.598, 0.021191
201.008, 0.025472
177.389, 0.032772
162.445, 0.038962
146.546, 0.047779
132.733, 0.058416
119.026, 0.072355
107.377, 0.089174
96.9646, 0.109136
87.825 , 0.133298
78.598 , 0.166599
71.2608, 0.20247
64.9323, 0.246557
59.7606, 0.293416
55.3317, 0.345017
50.8228, 0.414716
47.5293, 0.480388
44.095 , 0.567133
41.5271, 0.652359
38.7971, 0.764785
36.6109, 0.881474
34.6517, 1.01089
32.9617, 1.15932
31.3228, 1.33487
29.6762, 1.55401
28.3137, 1.7804
27.0137, 2.0541
25.8509, 2.351
24.7877, 2.68006
23.626 , 3.15454
22.8362, 3.57456
21.9188, 4.1572
21.1438, 4.7915
20.437 , 5.56136
19.833 , 6.38431
19.2853, 7.21992
18.9035, 8.18943
18.5292, 9.1967
18.1623, 10.4734
17.8026, 12.0956
17.4676, 14.011
17.1903, 16.0682
16.9174, 18.5569
16.6323, 21.7986
16.4011, 25.7348
16.1892, 29.8399
15.9961, 35.7964
15.8686, 42.5146
15.7422, 49.8914
15.648 , 62.7305
15.6012, 77.3893
15.5856, 93.1163
15.57, 114.646
15.5544, 140.309
15.53 , 176.064
15.51 , 218.295
15.49, 261.086
15.45, 302.733
#10K
422.988, 0.01
403.971, 0.010953
370.311, 0.013021
330.743, 0.016372
298.671, 0.020057
268.632, 0.024794
233.771, 0.032707
209.839, 0.040593
189.491, 0.050128
173.529, 0.059895
156.858, 0.072791
140.8 , 0.090794
128.296, 0.109463
116.203, 0.132766
104.725, 0.164942
96.7708, 0.192403
89.9583, 0.222871
84.2127, 0.255595
79.1501, 0.289627
74.3918, 0.330165
69.5013, 0.380541
63.0764, 0.467123
57.7051, 0.56374
53.7501, 0.658915
50.6706, 0.748143
47.8153, 0.851156
45.4379, 0.955844
43.3517, 1.06592
41.9025, 1.15932
40.2193, 1.27869
38.6422, 1.416
37.0529, 1.56963
35.5644, 1.74515
33.7961, 1.98544
32.6011, 2.19864
31.2602, 2.47648
30.0946, 2.76445
28.9435, 3.11068
27.948 , 3.47934
27.2307, 3.87227
26.3731, 4.32686
25.4915, 4.95225
24.7381, 5.6285
24.1273, 6.31447
23.7206, 6.91604
23.3909, 7.62051
23.1119, 8.27173
22.7678, 9.22433
22.4288, 10.3588
22.117 , 11.797
21.7877, 13.6105
21.5494, 15.5311
21.2923, 18.0265
21.1015, 20.8394
20.8498, 24.5533
20.7458, 28.2713
20.6837, 32.2929
20.56 , 38.086
20.5189, 45.4607
20.50, 52.24
20.4984, 63.9978
20.4779, 78.4804
20.4574, 94.6182
20.437 , 116.845
20.4165, 143
20.3961, 174.487
20.37, 211.844
20.35, 248.601
20.33, 302.43
#12K
548.037, 0.01
526.022, 0.010855
487.526, 0.012649
447.798, 0.014963
405.185, 0.018239
368.833, 0.022012
333.734, 0.026886
303.488, 0.032446
273.785, 0.039789
248.724, 0.048308
221.482, 0.060739
191.013, 0.081499
171.287, 0.101554
156.232, 0.121826
141.648, 0.147465
130.235, 0.174966
119.145, 0.209263
110.205, 0.244348
101.834, 0.287032
94.8546, 0.331488
87.2123, 0.393702
79.9456, 0.471347
74.9893, 0.540013
71.3321, 0.604012
67.3798, 0.683068
63.3292, 0.788865
59.8802, 0.896587
56.9598, 1.00988
54.399 , 1.13296
51.9533, 1.27231
49.4195, 1.45476
47.1977, 1.65672
45.2113, 1.87543
43.3084, 2.11878
42.0284, 2.32295
40.7863, 2.56983
39.3441, 2.912
38.488 , 3.16718
37.3132, 3.56029
36.3192, 4.01422
35.2811, 4.61283
34.2726, 5.26901
33.3596, 6.04265
32.4385, 7.02759
31.5744, 8.32984
31.1043, 9.2613
30.4884, 10.653
30.0045, 12.0956
29.6466, 13.7611
29.4103, 15.2693
29.1177, 17.4763
28.9725, 19.295
28.8568, 21.9298
28.7416, 25.7091
28.6269, 29.8996
28.4841, 35.868
28.3704, 43.2435
28.2854, 52.6596
28.2007, 64.0618
28.0881, 79.9858
27.948 , 100.168
27.8364, 119.563
27.6699, 150.784
27.5595, 188.83
27.4494, 226.977
27.3399, 270.657
27.3125, 303.642
#15K
708.637, 0.01
672.729, 0.011107
626.622, 0.01284
577.867, 0.015023
535.041, 0.017542
475.489, 0.022233
434.999, 0.026565
390.077, 0.033069
357.217, 0.039432
321.933, 0.048647
295.109, 0.057893
269.979, 0.06931
247.236, 0.082318
225.957, 0.099047
207.129, 0.117989
190.441, 0.139434
171.459, 0.172361
155.764, 0.208636
143.071, 0.24705
132.203, 0.290206
120.342, 0.351987
107.269, 0.449706
98.6271, 0.538396
90.1384, 0.655629
84.0444, 0.770928
79.5468, 0.87183
74.8395, 1.00485
71.8331, 1.1072
68.8786, 1.22732
65.2578, 1.40051
62.6364, 1.56336
59.5816, 1.79291
56.9029, 2.03774
54.0195, 2.37225
51.9014, 2.66403
49.7667, 3.01271
47.959 , 3.43096
46.2632, 3.88779
45.0758, 4.3529
43.8751, 4.91771
42.6636, 5.58924
41.6519, 6.35247
40.7048, 7.15523
39.8988, 8.04334
39.1087, 9.12342
38.565 , 10.1639
38.0289, 11.2666
37.5002, 12.5892
36.9419, 14.5101
36.3919, 16.909
35.8501, 20.2437
35.3871, 23.9231
34.9999, 28.5554
34.7558, 32.6827
34.3756, 38.5844
34.1699, 45.9175
33.9316, 55.6926
33.7623, 67.5487
33.594 , 81.6833
33.4933, 99.7682
33.3596, 119.683
33.2264, 149.582
33.1601, 181.426
33.0607, 223.151
32.9617, 270.927
32.8958, 300.922
#20K
921.813, 0.01
873.356, 0.011152
807.823, 0.013034
703.694, 0.01716
642.485, 0.020565
569.833, 0.026091
521.831, 0.031174
471.7 , 0.038267
422.143, 0.047588
385.038, 0.057546
341.84 , 0.072718
300.769, 0.093746
266.225, 0.120132
235.649, 0.153023
210.681, 0.191827
191.971, 0.230118
178.1 , 0.268162
166.391, 0.30846
157.015, 0.347093
145.961, 0.404476
137.599, 0.457874
129.586, 0.520919
121.552, 0.595019
113.108, 0.69617
107.055, 0.788865
100.72 , 0.905598
94.5705, 1.0511
88.8852, 1.21998
84.974 , 1.37004
80.6683, 1.56336
76.4278, 1.80731
72.9188, 2.06647
69.7101, 2.3557
66.7094, 2.67471
64.3506, 2.97678
62.0752, 3.32956
60.1804, 3.69449
58.4602, 4.1489
56.9029, 4.63132
55.4979, 5.2218
54.1819, 5.92893
52.8441, 6.79267
51.6426, 7.79002
50.62 , 8.91597
49.5185, 10.5154
48.6838, 12.1562
47.911 , 14.0953
47.1506, 16.6906
46.4486, 20.1025
45.8487, 23.9231
45.3471, 29.7208
44.9408, 37.1456
44.5381, 45.5972
44.2717, 55.2489
43.9629, 69.4668
43.8312, 85.5285
43.5255, 107.969
43.2218, 135.077
43.0493, 167.813
42.8346, 212.906
42.621 , 261.086
42.4508, 303.642
#25K
1175.37, 0.01
1118.05, 0.011052
1029 , 0.013021
932.942, 0.015841
841.632, 0.019387
736.083, 0.025396
652.195, 0.032317
577.867, 0.041289
509.456, 0.053228
447.798, 0.069102
399.951, 0.086539
358.29 , 0.107726
319.368, 0.136127
284.105, 0.172189
256.555, 0.210944
228.913, 0.263379
208.584, 0.318172
188.358, 0.392522
175.975, 0.453318
165.066, 0.518839
154.214, 0.597404
143.645, 0.698262
133.399, 0.817781
124.132, 0.959675
116.32 , 1.11164
110.536, 1.25588
104.307, 1.44461
97.6457, 1.70206
93.3491, 1.91332
88.5304, 2.21187
84.6348, 2.5341
80.5877, 2.92075
77.0416, 3.34625
73.6516, 3.85296
70.9054, 4.33986
68.9475, 4.81551
67.1109, 5.3433
65.3885, 6.0005
63.8378, 6.86093
62.1373, 7.97925
60.7852, 9.22433
59.522 , 10.7278
58.1686, 12.6777
57.2453, 14.6999
56.2804, 17.4588
55.6647, 20.0223
55.1108, 23.2626
54.617 , 27.2171
54.1277, 32.7481
53.8577, 38.2004
53.482 , 44.6944
53.3752, 55.86
53.2153, 69.6755
52.9499, 87.6936
52.7385, 104.883
52.5805, 132.535
52.4755, 166.976
52.3183, 210.787
52.2138, 257.199
52.1616, 301.826
#30K
1455.84, 0.01
1390.39, 0.011008
1275.81, 0.013034
1146.35, 0.016177
1023.86, 0.020218
921.813, 0.025043
820.032, 0.031614
734.612, 0.039314
650.241, 0.049928
586.014, 0.061534
529.717, 0.075233
481.229, 0.091249
439.371, 0.109026
398.753, 0.132369
360.086, 0.163464
327.125, 0.197866
295.699, 0.242643
262.262, 0.308769
237.542, 0.377886
215.367, 0.462013
195.849, 0.567133
180.43 , 0.676948
169.244, 0.77712
159.388, 0.890333
151.615, 1.00184
143.358, 1.14549
137.187, 1.27614
131.019, 1.4331
124.38 , 1.64023
119.384, 1.84013
113.902, 2.09141
108.347, 2.40329
104.099, 2.70159
99.8177, 3.08898
96.0958, 3.49678
93.1625, 3.87227
90.8624, 4.26244
88.177 , 4.74857
86.604 , 5.16468
84.8891, 5.70215
83.2082, 6.32711
81.6422, 7.04166
80.3463, 7.80562
78.913 , 8.79202
77.6604, 9.82416
76.5808, 10.89
75.3652, 12.2907
74.2432, 14.1943
73.1378, 16.6739
72.121 , 19.7439
71.5464, 22.5976
70.9054, 26.3336
70.1998, 31.6851
69.6405, 38.2004
69.3625, 44.7838
69.0856, 53.8848
68.8098, 66.9435
68.5351, 77.0804
68.1251, 90.5452
68.057 , 103.839
67.7853, 121.492
67.5823, 145.307
67.3798, 178.368
67.1109, 214.831
67.0438, 252.106
66.9098, 283.681
66.7761, 303.339
#40K
1903.29, 0.01
1814.09, 0.011019
1659.61, 0.013192
1476.37, 0.016686
1302.89, 0.021383
1163.68, 0.026698
1027.97, 0.03435
910.818, 0.043711
831.593, 0.052174
731.68 , 0.067262
659.408, 0.082648
596.657, 0.101149
528.13 , 0.128714
471.229, 0.162323
414.612, 0.209054
366.626, 0.266292
326.798, 0.335155
292.464, 0.420563
272.147, 0.488136
253.495, 0.568269
239.21 , 0.642004
225.055, 0.733329
213.651, 0.822703
202.622, 0.932245
192.933, 1.049
183.34 , 1.19105
174.748, 1.34157
166.724, 1.51716
158.118, 1.75916
149.059, 2.0541
141.082, 2.41051
133.933, 2.80623
128.04 , 3.23439
122.283, 3.70929
117.842, 4.19898
114.016, 4.72016
110.426, 5.4024
107.699, 6.06081
104.83 , 7.02056
102.447, 7.97925
100.318, 9.13254
98.43 , 10.5787
95.9998, 12.6018
94.0988, 14.952
92.6052, 17.4588
91.3178, 20.3045
90.2285, 24.0912
89.4201, 27.3809
88.5304, 31.4012
87.3869, 39.4821
86.2583, 48.7569
85.4 , 62.982
84.3813, 81.3572
83.7927, 104.151
83.0419, 134.942
82.3803, 174.138
81.6422, 230.177
81.235 , 268.232
81.0727, 303.036
#50K
2421.98, 0.01
2308.47, 0.011008
2128.86, 0.012905
1912.83, 0.015984
1722.17, 0.019759
1558.28, 0.024061
1375.18, 0.030895
1231.93, 0.038574
1124.78, 0.046228
1030.03, 0.05529
926.434, 0.06862
824.967, 0.086539
741.254, 0.107082
666.702, 0.132634
588.951, 0.170305
520.268, 0.218239
463.749, 0.275226
416.69 , 0.341242
377.414, 0.419722
337.763, 0.528791
313.671, 0.619922
294.225, 0.712368
278.758, 0.804801
262 , 0.929452
246.989, 1.06485
234.943, 1.20423
221.704, 1.38658
208.793, 1.61905
199.805, 1.82
192.933, 1.99938
184.628, 2.2656
177.744, 2.52651
170.263, 2.89748
163.587, 3.31296
158.118, 3.78423
153.292, 4.3139
148.91 , 4.9473
145.379, 5.58365
140.941, 6.55248
137.187, 7.54469
133.666, 8.8715
131.15 , 10.1537
128.296, 11.9394
125.756, 13.983
123.142, 16.8078
120.825, 20.1427
118.788, 23.995
116.786, 28.8712
115.393, 34.3241
113.561, 42.5571
111.982, 51.3594
110.647, 62.5426
109.436, 75.1021
108.239, 91.4552
107.269, 114.76
106.627, 141.578
105.99 , 175.011
105.461, 214.616
105.25 , 267.963
105.145, 307.308
#65K
2999.92, 0.01
2859.32, 0.011008
2621.08, 0.013047
2343.36, 0.016372
2101.36, 0.020178
1901.39, 0.02467
1689.76, 0.031205
1486.74, 0.040229
1317.3 , 0.051192
1175.37, 0.064302
1053.99, 0.079885
932.942, 0.101859
843.317, 0.124287
767.657, 0.149395
700.184, 0.179216
643.128, 0.212638
587.187, 0.254574
535.576, 0.306002
490.46 , 0.365619
455.932, 0.42564
422.988, 0.497002
396.765, 0.571688
373.285, 0.654973
348.049, 0.76785
326.798, 0.886778
309.31 , 1.01191
293.05 , 1.15124
279.037, 1.30192
265.428, 1.48414
252.23 , 1.70206
242.34 , 1.90187
230.983, 2.19206
220.157, 2.5341
210.26 , 2.92953
202.825, 3.3329
197.817, 3.67974
192.933, 4.09122
188.735, 4.52149
184.443, 5.04725
180.25 , 5.66237
176.504, 6.38431
172.663, 7.27064
168.4 , 8.51513
165.066, 9.74588
161.797, 11.2891
158.911, 12.9986
155.608, 15.75
153.292, 18.5014
150.708, 22.8933
148.91 , 27.2443
146.693, 33.5436
145.379, 40.4007
143.645, 50.2418
142.215, 63.1712
141.082, 76.2372
140.238, 93.3027
139.26 , 114.188
138.704, 139.889
138.289, 171.032
138.189, 213.759
138.012, 249.847
137.599, 297.928
#80K
3937.65, 0.01
3768.15, 0.010931
3492.39, 0.012725
3160.04, 0.015481
2925.85, 0.018022
2725.32, 0.020792
2441.43, 0.025702
2233.53, 0.03071
2057.69, 0.036075
1880.59, 0.043406
1718.73, 0.051966
1558.28, 0.063092
1421.32, 0.076065
1292.51, 0.091982
1188.37, 0.108809
1062.46, 0.13681
959.433, 0.167602
859.493, 0.208428
778.48 , 0.255084
714.329, 0.303261
652.847, 0.365619
600.248, 0.436852
560.788, 0.504009
526.548, 0.575129
503.883, 0.634346
480.748, 0.70036
458.676, 0.779455
435.87 , 0.876201
414.612, 0.980042
395.972, 1.08854
378.17 , 1.22487
360.446, 1.38242
344.586, 1.55401
328.436, 1.76269
314.613, 1.98345
300.469, 2.26107
288.11 , 2.56726
276.813, 2.912
267.292, 3.29643
257.583, 3.73162
249.721, 4.20739
243.799, 4.69662
236.121, 5.44035
230.983, 6.10338
225.055, 7.02056
219.498, 8.14044
213.011, 9.79473
209.211, 11.2104
205.273, 12.9986
201.41 , 15.3612
198.61 , 17.8471
195.067, 20.9648
192.74 , 24.4064
189.491, 30.2303
187.231, 36.12
184.998, 43.941
182.974, 52.8706
181.153, 66.0788
179.351, 81.3572
178.456, 95.5691
177.211, 111.592
176.504, 132.535
175.799, 156.467
174.573, 190.157
173.876, 225.845
173.182, 261.086
172.491, 297.928
#100K
4931.21, 0.01
4676.66, 0.011085
4123.02, 0.014205
3726.93, 0.01735
3282.43, 0.022389
2905.44, 0.028548
2584.64, 0.035931
2290.08, 0.04586
2051.53, 0.056974
1792.45, 0.074858
1610.56, 0.092628
1421.32, 0.119533
1241.83, 0.156115
1103.61, 0.199256
968.107, 0.257647
843.317, 0.337172
741.254, 0.437289
670.714, 0.535175
611.762, 0.651707
570.974, 0.761732
536.648, 0.882355
503.883, 1.03235
474.539, 1.19822
450.944, 1.36867
426.385, 1.59814
408.031, 1.8273
388.908, 2.1019
373.285, 2.39849
358.649, 2.77553
345.967, 3.17987
333.067, 3.72044
322.255, 4.30959
311.171, 5.01705
300.469, 5.89346
291.88 , 6.87467
284.674, 7.99522
278.758, 9.16915
272.965, 10.6105
267.56 , 12.3276
261.215, 14.8625
255.531, 17.7049
251.475, 20.4676
247.483, 23.5669
242.825, 28.6126
238.732, 34.1529
235.649, 39.839
232.141, 49.2962
227.544, 64.7056
223.708, 84.0027
221.04 , 103.839
218.84 , 126.957
216.23 , 157.095
214.722, 184.906
212.373, 219.39
211.102, 254.895
210.26 , 278.342
209.63 , 297.63
#140K
7834.87, 0.01
7452.76, 0.011085
6736.8 , 0.013675
5986.97, 0.017229
5401 , 0.021191
4852.94, 0.026117
4343.09, 0.032772
3894.58, 0.040633
3495.88, 0.050734
3194.99, 0.060497
2862.18, 0.075384
2613.22, 0.090612
2374.02, 0.109792
2178.39, 0.13079
1977.01, 0.162323
1774.62, 0.2043
1656.3 , 0.238077
1525.9 , 0.287032
1390.39, 0.352691
1289.92, 0.419303
1197.92, 0.497997
1118.05, 0.58851
1046.64, 0.692698
984.706, 0.804801
931.078, 0.925742
880.371, 1.07555
846.697, 1.19822
813.498, 1.34291
780.819, 1.51867
750.953, 1.70206
718.627, 1.97159
688.381, 2.27696
660.068, 2.6428
636.728, 3.05824
620.387, 3.41385
602.654, 3.89168
587.774, 4.47203
573.262, 5.14406
559.108, 5.89346
546.396, 6.80627
533.972, 7.91567
521.309, 9.35438
512.522, 10.653
503.379, 12.1806
494.399, 13.8994
485.094, 16.3437
477.394, 18.9697
470.758, 21.8204
465.142, 25.1748
458.676, 28.7847
453.204, 33.4766
449.593, 38.3152
444.23 , 43.4603
437.617, 50.2418
431.964, 56.0839
425.108, 63.1712
418.36 , 71.4393
410.076, 81.4386
399.552, 95.4736
388.131, 110.813
377.792, 127.977
366.626, 147.798
357.574, 167.813
346.313, 197.522
336.078, 223.822
328.108, 253.117
322.255, 284.249
316.823, 319.211
313.357, 359.19
310.86 , 407.016
309.929, 449.822
309.619, 518.974
309.31 , 599.954
#200K
10000 , 0.014903
9370.67, 0.016989
8564.15, 0.020483
7866.28, 0.0244
7189.24, 0.029212
6643.14, 0.034144
5992.96, 0.041787
5449.83, 0.050784
5015.76, 0.059955
4574.9 , 0.071923
4168.62, 0.086279
3828.93, 0.102883
3523.96, 0.122436
3201.39, 0.151047
2955.25, 0.181379
2797.1 , 0.20656
2644.77, 0.237839
2523.34, 0.268431
2414.72, 0.301447
2310.78, 0.340561
2213.52, 0.384365
2105.57, 0.445677
2018.96, 0.506029
1949.52, 0.563177
1878.71, 0.629921
1808.66, 0.713081
1746.45, 0.798388
1684.69, 0.903788
1620.26, 1.03545
1553.61, 1.20664
1497.18, 1.38381
1437.04, 1.60615
1386.22, 1.84566
1337.21, 2.10821
1295.09, 2.3937
1244.31, 2.79782
1199.11, 3.27671
1154.4 , 3.82226
1114.7 , 4.47203
1081.75, 5.13892
1053.99, 5.82899
1032.09, 6.50677
1006.6 , 7.42493
973.933, 8.96066
947.989, 10.3796
923.659, 12.0956
898.155, 14.294
875.104, 16.8752
853.498, 19.6258
835.761, 23.0081
819.212, 26.7583
804.598, 31.4012
789.455, 36.4465
774.597, 41.9655
757.742, 48.1754
743.481, 54.7539
727.303, 63.1081
707.928, 73.1015
690.45 , 84.1709
667.369, 99.0723
646.351, 114.302
625.37 , 131.479
604.465, 150.182
587.187, 167.31
567.558, 186.765
549.134, 208.273
536.648, 228.115
523.922, 252.106
512.009, 279.458
501.369, 312.577
491.933, 346.489
485.58 , 381.401
481.71 , 435.656
480.267, 487.774
479.787, 542.861
478.267, 598.157


