#6K
10000 ,0.013298
2766.51 ,0.013485
2393.09 ,0.013512
2156.71 ,0.013539
1961.26 ,0.013566
1797.84 ,0.013593
1671.27 ,0.013607
1561.4 ,0.013634
1451.48 ,0.013689
1354.71 ,0.013744
1253.05 ,0.013826
1169.51 ,0.013882
1060.33 ,0.014035
971.016 ,0.014191
883.016 ,0.014391
798.986 ,0.014637
724.399 ,0.014903
660.068 ,0.01525 
608.711 ,0.015589
557.991 ,0.01608 
512.522 ,0.016703
477.872 ,0.017263
442.015 ,0.017932
411.72 ,0.018682
381.97 ,0.019699
349.095 ,0.021064
322.255 ,0.022547
299.569 ,0.024109
274.059 ,0.026248
245.511 ,0.029241
221.261 ,0.03274 
199.805 ,0.03684 
186.483 ,0.040189
173.355 ,0.044327
163.423 ,0.048163
150.106 ,0.05463 
138.704 ,0.06135 
128.296 ,0.069172
119.145 ,0.077913
109.655 ,0.088996
100.619 ,0.102472
91.1353 ,0.122314
83.2914 ,0.143393
77.2731 ,0.164283
70.4107 ,0.195506
64.222 ,0.232431
58.1105 ,0.282193
53.3752 ,0.333817
48.8789 ,0.400051
44.9858 ,0.472763
40.7863 ,0.579169
37.6505 ,0.694085
34.9649 ,0.818599
32.4385 ,0.971261
29.3222 ,1.22487 
27.587 ,1.42168 
25.8768 ,1.66502 
24.224 ,1.97553 
22.7905 ,2.32993 
21.7224 ,2.6667 
20.8082 ,3.02176 
19.7933 ,3.52839 
18.9035 ,4.11584 
17.9815 ,4.85419 
17.1388 ,5.81153 
16.599 ,6.63822 
16.1246 ,7.57493 
15.7737 ,8.47266 
15.5078 ,9.46731 
15.3843 ,10.4839 
15.2312 ,11.8679 
15.0947 ,13.5021 
14.9744 ,15.8607 
14.8106 ,21.1543 
14.6926 ,26.8387 
14.6047 ,33.7792 
14.5464 ,41.6311 
14.5174 ,53.242 
14.5028 ,67.0775
#8K
10000 , 0.013298 
2763.74, 0.013485 
2385.92, 0.013512 
2086.7 , 0.013566 
1803.24, 0.013662 
1652.99, 0.013744 
1524.37, 0.013854 
1391.78, 0.013993 
1271.99, 0.014162 
1167.17, 0.014348 
1070.99, 0.014608 
964.242, 0.014963 
869.869, 0.015311 
781.6 , 0.015683 
703.694, 0.016177 
645.06 , 0.016686 
591.312, 0.017315 
548.585, 0.01786 
508.947, 0.018589 
474.539, 0.019542 
434.564, 0.02098 
402.761, 0.022524 
372.912, 0.024278 
349.794, 0.026065 
323.223, 0.028377 
296.588, 0.031237 
262.787, 0.035823 
236.357, 0.040837 
214.507, 0.046553 
193.126, 0.053979 
176.857, 0.061472 
160.187, 0.071635 
144.076, 0.08474 
130.757, 0.099742 
117.842, 0.119175 
105.672, 0.14527 
94.7598, 0.177966 
84.2127, 0.223988 
74.8395, 0.282758 
68.9475, 0.335155 
62.4487, 0.406911 
57.3599, 0.484731 
52.1094, 0.596211 
47.2922, 0.739219 
43.0063, 0.913785 
39.4623, 1.11387 
36.2829, 1.35912 
33.9655, 1.59974 
32.18 , 1.8383 
30.4884, 2.12514 
28.6842, 2.52147 
27.122 , 2.96786 
25.3644, 3.64677 
24.007 , 4.38348 
23.135 , 4.99702 
22.3616, 5.69076 
21.7224, 6.47432 
21.1226, 7.47709 
20.663 , 8.69584 
20.2944, 10.2763 
19.8528, 12.5014 
19.4208, 15.3458 
19.0935, 19.0457 
18.8092, 23.9231 
18.622 , 30.2303 
18.4367, 39.2459 
18.2533, 49.9413 
18.0898, 65.5523 
17.9995, 86.388 
17.9636, 119.205 
17.9098, 174.138 
17.8277, 247.361 
17.7456, 301.826 
#10K
10000 , 0.013298 
2802.7 , 0.013472 
2393.09, 0.013566 
2167.52, 0.013689 
1959.29, 0.013813 
1783.51, 0.013951 
1630.01, 0.01412 
1486.74, 0.014348 
1349.3 , 0.014623 
1236.87, 0.014888 
1138.35, 0.015189 
1037.26, 0.015527 
949.887, 0.015936 
862.076, 0.016454 
797.389, 0.016905 
741.995, 0.017437 
684.948, 0.018076 
643.128, 0.018739 
599.049, 0.019562 
564.163, 0.020421 
530.247, 0.021426 
493.411, 0.022887 
453.204, 0.024893 
410.487, 0.027732 
381.97 , 0.030253 
353.309, 0.033168 
324.194, 0.037099 
294.519, 0.042376 
268.095, 0.048501 
242.825, 0.056125 
213.437, 0.068415 
192.933, 0.080446 
171.287, 0.098356 
154.368, 0.1174 
139.26 , 0.141117 
123.76 , 0.175492 
110.426, 0.218239 
98.0371, 0.273033 
89.2415, 0.328518 
81.5606, 0.39449 
74.5407, 0.472763 
67.178 , 0.583821 
61.0899, 0.713794 
55.6647, 0.869219 
51.6942, 1.02105 
47.7198, 1.2212 
44.7614, 1.4231 
42.1126, 1.64187 
39.5018, 1.92676 
37.09 , 2.27014 
34.9999, 2.64545 
33.2264, 3.05824 
31.5428, 3.57099 
29.9745, 4.16969 
28.5697, 4.88829 
27.3672, 5.7537 
26.5584, 6.5198 
25.9286, 7.32903 
25.5426, 8.27173 
25.0869, 9.49575 
24.6394, 10.9774 
24.1756, 12.9856 
23.8634, 15.0871 
23.5787, 17.4763 
23.2509, 21.4526 
22.9966, 26.1761 
22.7905, 33.4766 
22.6089, 40.6438 
22.5187, 48.8546 
22.4888, 59.3142 
22.4512, 73.6887 
22.3393, 91.8218 
22.3169, 121.613 
22.2723, 149.134 
22.1946, 181.064 
22.1723, 233.656 
22.0946, 300.621
#12K
10000 , 0.013298 
3798.42, 0.013593 
3191.8 , 0.013634 
2902.54, 0.013662 
2615.84, 0.013771 
2400.28, 0.013882 
2145.96, 0.014092 
1901.39, 0.014348 
1718.73, 0.014637 
1544.32, 0.014948 
1415.64, 0.01525 
1309.42, 0.015527 
1212.38, 0.015888 
1114.7 , 0.016356 
1024.89, 0.016922 
966.173, 0.017402 
896.361, 0.018058 
828.273, 0.018965 
766.123, 0.020037 
713.615, 0.02117 
644.415, 0.023141 
586.6 , 0.025244 
536.648, 0.027511 
481.229, 0.030802 
434.999, 0.034522 
397.559, 0.038459 
357.217, 0.044238 
326.798, 0.050128 
297.182, 0.057546 
267.56 , 0.067531 
241.856, 0.07909 
214.937, 0.096215 
195.849, 0.112797 
174.748, 0.137495 
159.388, 0.163464 
144.654, 0.197274 
131.807, 0.236179 
120.102, 0.281348 
109.218, 0.338523 
99.6183, 0.407318 
92.8835, 0.470875 
84.8891, 0.566 
77.8938, 0.677625 
72.6277, 0.791235 
67.7176, 0.926668 
64.222 , 1.05005 
60.7244, 1.19344 
57.9944, 1.33621 
55.0557, 1.52629 
52.266 , 1.75039 
49.5185, 2.02555 
47.1506, 2.32528 
45.3471, 2.62175 
43.6999, 2.95011 
42.0284, 3.37313 
40.6235, 3.84911 
39.5018, 4.3442 
38.2195, 5.08779 
37.1271, 5.90526 
36.0298, 6.90222 
35.2811, 7.84475 
34.5133, 9.07791 
33.8638, 10.4839 
33.2597, 12.0112 
32.8301, 13.5833 
32.471 , 15.7658 
32.18 , 17.9905 
31.9875, 20.902 
31.7962, 24.6763 
31.7009, 30.1398 
31.5744, 36.301 
31.4798, 46.8451 
31.3228, 58.7827 
31.1043, 76.0088 
30.9492, 93.7704 
30.764 , 114.76 
30.58 , 141.012 
30.3971, 178.19 
30.2152, 229.488 
30.1247, 270.657 
30.0345, 303.946
#15K
10000 , 0.013298 
3925.86, 0.013621 
3502.88, 0.013771 
3141.14, 0.013938 
2879.41, 0.014064 
2658.03, 0.014248 
2429.26, 0.014477 
2209.1 , 0.01474 
1990.9 , 0.015083 
1830.49, 0.015403 
1636.54, 0.015825 
1495.68, 0.016258 
1372.43, 0.016736 
1277.09, 0.017177 
1175.37, 0.017825 
1106.92, 0.018423 
1044.55, 0.019098 
971.987, 0.020077 
907.182, 0.021107 
841.632, 0.022547 
777.702, 0.024157 
728.759, 0.02578 
658.091, 0.028548 
599.648, 0.031709 
539.878, 0.035966 
482.675, 0.041537 
432.397, 0.048356 
388.131, 0.056633 
351.899, 0.065601 
318.73 , 0.076753 
291.88 , 0.088552 
266.492, 0.102677 
243.799, 0.119892 
221.704, 0.142393 
202.015, 0.169625 
183.891, 0.202875 
166.225, 0.246064 
149.507, 0.304781 
134.336, 0.376378 
117.606, 0.491565 
104.412, 0.629921 
91.8674, 0.829311 
85.9139, 0.959675 
81.8056, 1.07233 
78.2842, 1.18393 
75.4406, 1.29413 
72.9188, 1.40472 
69.2931, 1.59335 
66.6427, 1.76445 
63.5194, 2.00138 
60.6031, 2.27468 
57.4173, 2.6667 
55.2764, 3.01573 
53.482 , 3.34291 
51.9014, 3.66139 
50.3675, 4.11172 
49.1731, 4.59902 
47.8153, 5.26901 
46.5416, 6.09728 
45.2113, 7.14093 
44.316 , 8.12417 
43.3517, 9.37311 
42.4933, 10.7278 
41.6935, 12.464 
40.9907, 14.4521 
40.2595, 17.1817 
39.5809, 21.0278 
38.9916, 25.5043 
38.565 , 30.5647 
38.1431, 38.1241 
37.8014, 48.1754 
37.5753, 61.5499 
37.3132, 79.2692 
37.09 , 98.1846 
36.8681, 132.668 
36.6842, 175.712 
36.4648, 224.046 
36.3192, 266.36 
36.2829, 301.524
#20K
10000 , 0.013298 
5117.09, 0.013539 
4488.8 , 0.013716 
4001.16, 0.013896 
3653.13, 0.014078 
3335.37, 0.014276 
3054.41, 0.014492 
2728.04, 0.014844 
2520.82, 0.015129 
2322.36, 0.015434 
2141.67, 0.015778 
2010.9 , 0.01608 
1858.16, 0.016537 
1688.07, 0.017194 
1578.67, 0.017665 
1488.22, 0.018148 
1391.78, 0.018814 
1292.51, 0.01964 
1223.34, 0.02034 
1153.25, 0.021107 
1079.59, 0.022322 
1006.6 , 0.023774 
928.289, 0.02578 
845.005, 0.028377 
758.5 , 0.031995 
662.714, 0.037773 
573.836, 0.046044 
502.373, 0.055845 
427.239, 0.071421 
379.306, 0.086625 
335.406, 0.107082 
302.579, 0.128072 
270.79 , 0.155959 
242.34 , 0.192595 
215.152, 0.240951 
193.126, 0.297851 
176.68 , 0.355169 
158.911, 0.438602 
148.91 , 0.500994 
133.532, 0.626779 
121.188, 0.770157 
110.647, 0.941614 
101.529, 1.14092 
96.6741, 1.28767 
92.1434, 1.4533 
87.1252, 1.67002 
82.5452, 1.93062 
78.9919, 2.17242 
75.9706, 2.42502 
72.9188, 2.76445 
70.1998, 3.10136 
68.1251, 3.44472 
65.5849, 3.94655 
63.7103, 4.44083 
61.5805, 5.1184 
59.7008, 6.10949 
57.9364, 7.30708 
56.4495, 8.60931 
54.9457, 10.5364 
53.8039, 12.464 
52.7913, 15.0119 
51.9533, 17.8115 
51.2311, 21.2179 
50.5188, 26.4127 
49.8165, 34.1187 
49.469 , 41.382 
49.1239, 54.2091 
48.6838, 73.0284 
48.2959, 101.073 
47.911 , 141.719 
47.6244, 178.012 
47.3395, 225.619 
47.1506, 266.36 
46.9623, 303.339 
#25K
10000 , 0.013404
6256.27, 0.013607
5390.21, 0.013785
4752.09, 0.013965
4369.22, 0.014148
4021.22, 0.014362
3697.23, 0.014608
3352.09, 0.014933
3030.07, 0.015311
2772.04, 0.015667
2548.7 , 0.016096
2334 , 0.016636
2156.71, 0.017194
2012.92, 0.017736
1869.34, 0.018386
1734.27, 0.01929
1594.54, 0.020421
1480.8 , 0.021598
1393.17, 0.022728
1318.62, 0.023821
1236.87, 0.025295
1148.65, 0.027129
1062.46, 0.029388
982.738, 0.031868
919.052, 0.034418
854.352, 0.037472
791.827, 0.041454
744.225, 0.044952
685.633, 0.050329
632.287, 0.056633
585.428, 0.063853
532.372, 0.074187
465.142, 0.092721
420.457, 0.110453
371.795, 0.137084
337.763, 0.1633
309.001, 0.192981
280.435, 0.231503
256.812, 0.273853
236.121, 0.321691
219.059, 0.373005
200.205, 0.446122
183.157, 0.533039
169.075, 0.628034
155.764, 0.745157
142.785, 0.896587
128.939, 1.12506
120.342, 1.31632
115.162, 1.46791
109.875, 1.64352
105.356, 1.8273
101.022, 2.03774
98.0371, 2.22741
94.5705, 2.46167
90.4996, 2.78665
86.6906, 3.18305
82.7932, 3.67239
79.5468, 4.20318
76.3514, 4.82515
74.5407, 5.3433
73.0647, 5.8582
71.3321, 6.62495
69.5013, 7.7048
68.057 , 8.79202
66.6427, 10.1842
65.5194, 11.6679
64.415 , 13.5156
63.3925, 15.7343
62.324 , 18.9508
61.3347, 23.1929
60.482 , 29.1614
60.0001, 35.5111
59.4625, 43.4603
59.1068, 55.3042
58.812 , 68.3642
58.5187, 83.8349
58.3434, 101.276
58.1686, 125.067
57.9364, 149.582
57.7051, 185.647
57.5323, 221.816
57.3026, 260.825
57.1881, 301.223
#30K
10000 , 0.013499 
8336.01, 0.013621 
7363.86, 0.01373
6524.63, 0.013896
5833.31, 0.014106
5331.25, 0.014319
4843.25, 0.014579
4461.95, 0.014859
4143.68, 0.015083
3806.02, 0.015373
3426.66, 0.015809
3128.6 , 0.016258
2862.18, 0.016803
2658.03, 0.017333
2451.22, 0.017932
2262.76, 0.01872
2088.79, 0.01966
1945.63, 0.020668
1805.04, 0.022012
1679.65, 0.02349
1536.62, 0.025498
1393.17, 0.028067
1231.93, 0.031995
1095.91, 0.036693
986.677, 0.041955
888.33 , 0.048211
810.25 , 0.055014
739.033, 0.063029
654.809, 0.075761
575.56 , 0.093465
522.353, 0.110122
474.539, 0.129877
432.397, 0.15379
388.131, 0.186903
351.196, 0.225561
318.73 , 0.270316
293.05 , 0.320087
261.215, 0.402057
233.771, 0.504009
209.839, 0.634346
187.231, 0.808026
170.093, 0.994853
155.608, 1.21268
145.816, 1.40191
139.958, 1.5509
134.47 , 1.71745
128.296, 1.94418
124.38 , 2.11878
119.264, 2.38414
113.561, 2.76168
109.327, 3.09207
105.25 , 3.50728
101.732, 3.95841
98.9234, 4.38786
96.6741, 4.87852
94.0988, 5.49502
91.9593, 6.24539
89.7785, 7.23437
87.3869, 8.50662
84.8891, 10.5893
83.0419, 12.6397
81.479 , 15.1779
79.9456, 18.7622
78.913 , 22.8247
77.9717, 27.6837
77.2731, 34.2212
76.5808, 42.5571
76.1988, 53.7771
75.6673, 67.3463
75.4406, 89.3757
75.0644, 111.703 
74.8395, 135.348 
74.4662, 172.061 
74.3175, 215.907 
74.169 , 256.685 
74.0208, 302.733
#40K
10000 , 0.013826 
8658.87, 0.013938 
7641.43, 0.014064 
6969.79, 0.014205 
6325.47, 0.014376 
5792.62, 0.014608 
5230.91, 0.014918 
4752.09, 0.015204 
4421.97, 0.015465 
4065.7 , 0.015841 
3802.22, 0.016193 
3591.55, 0.016586 
3395.95, 0.017057 
3172.71, 0.017665 
2955.25, 0.018386 
2741.72, 0.019309 
2574.32, 0.020198 
2414.72, 0.021234 
2271.83, 0.022367 
2133.12, 0.023679 
1965.18, 0.025523 
1825.01, 0.027456 
1698.23, 0.029683 
1581.83, 0.032027 
1461.68, 0.035184 
1354.71, 0.038574 
1259.33, 0.042376 
1142.92, 0.048453 
1025.91, 0.056463 
940.435, 0.064495 
850.941, 0.075384 
778.48 , 0.087321 
714.329, 0.101351 
647.645, 0.118937 
597.254, 0.136947 
550.234, 0.15895 
503.379, 0.186903 
458.676, 0.222871 
414.612, 0.269506 
374.033, 0.329835 
341.84 , 0.393308 
312.418, 0.470405 
281.841, 0.579748 
258.357, 0.695475 
240.169, 0.815332 
223.261, 0.964486 
210.891, 1.10278 
199.406, 1.26344 
189.491, 1.43453 
178.813, 1.6717 
168.569, 1.96372 
160.347, 2.26107 
153.138, 2.56726 
145.524, 2.98572 
139.399, 3.40703 
133.666, 3.84911 
128.168, 4.46756 
123.636, 5.12865 
120.463, 5.74795 
117.606, 6.37793 
115.277, 7.11954 
113.221, 7.95534 
111.201, 8.8715 
108.673, 10.4212 
107.162, 11.5403 
105.461, 13.2083 
103.683, 15.1628 
102.242, 17.5463 
100.82 , 20.2437 
99.5187, 24.019 
98.6271, 27.7947 
97.3532, 34.5306 
96.3845, 41.5479 
95.521 , 50.9502 
94.5705, 63.9978 
93.9108, 79.4278 
93.0694, 99.4694 
92.2356, 124.942 
91.5922, 151.691 
90.7715, 188.077 
90.4996, 214.616 
89.9583, 245.39 
89.6888, 272.83 
89.3307, 303.339 
#50K
10000 , 0.014134
8789.74, 0.014205
7913.62, 0.014348
7153.38, 0.014579
6492.09, 0.014785
6023 , 0.015008
5526.67, 0.015327
5127.33, 0.015699
4733.12, 0.016177
4408.72, 0.016736
4114.78, 0.017385
3848.12, 0.018058
3613.17, 0.018814
3368.9 , 0.019818
3179.06, 0.02073 
2984.96, 0.021815
2777.59, 0.023257
2610.61, 0.024547
2451.22, 0.026039
2260.5 , 0.028179
2070.07, 0.030957
1922.42, 0.033568
1787.08, 0.036583
1662.94, 0.040108
1542.78, 0.044327
1409.99, 0.050028
1288.64, 0.057088
1176.55, 0.065274
1083.92, 0.074261
989.642, 0.085935
901.755, 0.100042
824.967, 0.116698
753.209, 0.136947
678.811, 0.1661 
594.276, 0.211366
548.585, 0.246803
506.915, 0.286745
473.117, 0.329835
433.262, 0.394095
399.552, 0.461551
363.342, 0.560929
336.078, 0.66288 
310.86 , 0.788865
288.976, 0.935045
268.901, 1.1072 
248.227, 1.33354 
229.831, 1.62716 
220.598, 1.82365 
211.948, 2.03774 
204.045, 2.26787 
197.619, 2.50137 
191.779, 2.7342 
184.998, 3.07973 
180.61 , 3.3329 
176.857, 3.59967 
172.836, 3.9703 
168.232, 4.44972 
164.078, 5.0271 
160.347, 5.63977 
156.232, 6.44847 
152.222, 7.45469 
149.507, 8.43883 
146.693, 9.44839 
144.076, 10.5893 
142.073, 11.8561 
139.958, 13.3945 
138.15 , 15.0419 
136.093, 17.3544 
134.874, 19.1604 
133.132, 21.9298 
131.413, 24.9493 
129.845, 28.4414 
127.912, 33.9146 
126.134, 40.0387 
124.38 , 48.9034 
122.774, 60.2106 
120.946, 75.0271 
119.742, 92.7446 
118.669, 115.567 
117.842, 145.598 
116.786, 187.889 
116.436, 232.723 
116.087, 267.963 
115.855, 307.001 
#65K
10000 , 0.014564 
9030.29, 0.014711 
8105.84, 0.014933 
7527.66, 0.015144 
6818.13, 0.015496 
6218.85, 0.01592 
5740.72, 0.016405 
5374.07, 0.016871 
5045.95, 0.017367 
4718.94, 0.017968 
4426.39, 0.018682 
4135.4 , 0.019582 
3875.15, 0.020503 
3631.28, 0.021576 
3338.71, 0.023257 
3094.37, 0.024893 
2853.61, 0.026912 
2592.4 , 0.029654 
2381.15, 0.032642 
2178.39, 0.036183 
1961.26, 0.04133 
1765.77, 0.047636 
1556.72, 0.056974 
1415.64, 0.065732 
1289.92, 0.076065 
1155.56, 0.091615 
1047.69, 0.107189 
971.016, 0.122681 
875.98 , 0.148352 
777.702, 0.185044 
710.055, 0.220874 
639.28 , 0.2714 
573.836, 0.33482 
521.831, 0.405692 
475.489, 0.491073 
445.565, 0.56374 
417.107, 0.652359 
392.424, 0.748143 
370.311, 0.853713 
349.794, 0.982986 
332.734, 1.11164 
314.928, 1.27359 
302.579, 1.41884 
293.93 , 1.53087 
283.537, 1.6885 
273.511, 1.87168 
265.163, 2.04386 
256.299, 2.26107 
246.249, 2.54935 
237.542, 2.86292 
229.371, 3.22793 
221.704, 3.62495 
215.152, 4.09122 
208.376, 4.65919 
202.217, 5.37545 
197.422, 6.09728 
193.126, 6.81989 
189.491, 7.63577 
185.553, 8.69584 
182.608, 9.80453 
179.53 , 11.1099 
176.857, 12.539 
174.224, 14.3513 
171.802, 16.3928 
169.244, 19.0457 
167.393, 21.6249 
165.893, 24.309 
164.242, 28.2148 
162.283, 33.4097 
160.829, 39.4426 
159.229, 46.6115 
157.96 , 56.0839 
156.388, 69.0512 
155.453, 80.6283 
154.368, 96.4331 
153.445, 117.313 
152.527, 147.65 
151.918, 180.702 
151.615, 210.366 
151.515, 247.114 
151.463, 275.848 
150.615, 301.524 
#80K
10000 , 0.015357 
9185.12, 0.015543 
8419.79, 0.015904 
7772.44, 0.016356 
7268.75, 0.01682 
6784.12, 0.017385 
6344.48, 0.017986 
5903.73, 0.018776 
5411.82, 0.019977 
5076.31, 0.020918 
4695.41, 0.022322 
4377.97, 0.02375 
4005.17, 0.025857 
3730.66, 0.027677 
3399.35, 0.030496 
3116.11, 0.033636 
2847.91, 0.03721 
2597.59, 0.041955 
2400.28, 0.046646 
2198.08, 0.053069 
2029.08, 0.059536 
1901.39, 0.06593 
1778.17, 0.073009 
1677.97, 0.079965 
1567.66, 0.089174 
1447.13, 0.101859 
1331.87, 0.1174 
1225.79, 0.136264 
1134.94, 0.157054 
1051.88, 0.181379 
971.016, 0.211789 
894.57 , 0.249035 
809.44 , 0.305086 
737.557, 0.368188 
674.751, 0.446122 
615.443, 0.540554 
559.668, 0.660234 
504.891, 0.825174 
464.213, 0.994853 
424.683, 1.20905 
400.752, 1.38381 
383.118, 1.54471 
364.069, 1.76445 
349.794, 1.97553 
336.414, 2.20084 
321.29 , 2.49887 
311.794, 2.7342 
300.769, 3.0613 
293.05 , 3.34625 
287.822, 3.57813 
280.716, 3.92687 
274.059, 4.33552 
267.56 , 4.84449 
260.954, 5.44035 
254.511, 6.12172 
249.971, 6.74528 
246.003, 7.4398 
239.929, 8.61792 
234.474, 10.1842 
229.371, 12.0835 
225.28 , 13.997 
221.704, 16.1488 
218.403, 18.8751 
214.722, 22.6429 
212.16 , 26.5451 
209.211, 31.0577 
206.715, 36.301 
204.659, 43.0709 
202.622, 50.8992 
200.807, 60.8766 
199.207, 71.3679 
197.619, 83.3334 
196.045, 100.268 
195.067, 117.079 
193.706, 140.169 
192.933, 165.314 
192.355, 195.556 
191.396, 227.204 
190.822, 264.767 
190.441, 303.339 
#100K
10000 , 0.016145 
9408.23, 0.01652 
8693.58, 0.017109 
8113.95, 0.017718 
7595.72, 0.018404 
7131.95, 0.019155 
6683.12, 0.020097 
6319.15, 0.020918 
5939.26, 0.022012 
5521.14, 0.023443 
5230.91, 0.024571 
4955.93, 0.025935 
4667.32, 0.027456 
4444.13, 0.028806 
4240.09, 0.030283 
4033.3 , 0.031899 
3828.93, 0.033838 
3667.77, 0.035573 
3468.02, 0.037886 
3292.3 , 0.040552 
3094.37, 0.043754 
2879.41, 0.048356 
2690.12, 0.053388 
2470.91, 0.060315 
2324.69, 0.066062 
2143.81, 0.074933 
1984.93, 0.084995 
1817.72, 0.097963 
1703.33, 0.109463 
1561.4 , 0.127051 
1450.03, 0.144979 
1334.54, 0.168611 
1241.83, 0.193367 
1160.19, 0.220874 
1068.85, 0.258163 
988.652, 0.300544 
911.729, 0.353044 
854.352, 0.401253 
795.796, 0.465724 
743.481, 0.538396 
689.07 , 0.634346 
653.5 , 0.713794 
626.622, 0.788076 
606.281, 0.853713 
572.689, 0.976129 
552.992, 1.06272 
532.905, 1.16513 
514.576, 1.27869 
497.374, 1.40472 
477.872, 1.57434 
459.134, 1.76621 
444.675, 1.95588 
428.522, 2.20084 
412.132, 2.4889 
397.559, 2.82311 
386.195, 3.11691 
375.532, 3.46198 
362.616, 3.95841 
353.663, 4.43196 
343.554, 5.05735 
335.406, 5.68507 
326.145, 6.57874 
317.775, 7.54469 
310.239, 8.80962 
303.792, 10.1233 
297.182, 11.8088 
291.88 , 13.4751 
287.822, 15.3152 
282.405, 17.7404 
278.479, 20.264 
274.608, 23.5669 
270.79 , 27.2171 
266.758, 31.6851 
263.84 , 36.0478 
260.693, 41.5479 
257.583, 47.7915 
254.765, 55.1937 
251.978, 63.7423 
249.471, 73.5414 
247.236, 85.0168 
244.531, 100.67 
242.098, 118.019 
239.929, 137.944 
238.017, 159.788 
236.121, 182.883 
234.474, 214.187 
233.304, 238.853 
232.605, 268.232 
231.445, 308.849 
#140K
10000 , 0.022144 
9617.5 , 0.02291 
8994.24, 0.024351 
8512.92, 0.025728 
8113.95, 0.02702 
7788.01, 0.028207 
7393.38, 0.029743 
6976.76, 0.031645 
6603.4 , 0.033804 
6275.07, 0.035931 
5998.95, 0.038038 
5740.72, 0.04035 
5444.39, 0.043232 
5127.33, 0.047068 
4882.15, 0.05038 
4634.76, 0.05463 
4382.35, 0.059656 
4118.9 , 0.065667 
3886.8 , 0.072283 
3704.64, 0.078225 
3461.09, 0.087934 
3302.19, 0.095736 
3106.77, 0.106122 
2922.93, 0.11858 
2741.72, 0.133565 
2569.18, 0.152108 
2405.08, 0.173919 
2235.77, 0.201662 
2037.22, 0.242158 
1858.16, 0.29283 
1715.29, 0.345707 
1599.33, 0.402459 
1507.7 , 0.456502 
1428.44, 0.513677 
1361.5 , 0.57398 
1282.21, 0.660234 
1212.38, 0.754907 
1146.35, 0.873576 
1076.36, 1.02823 
1015.71, 1.20664 
971.987, 1.3673 
929.217, 1.56493 
887.442, 1.80009 
849.241, 2.08306 
817.575, 2.37225 
787.878, 2.69889 
763.828, 3.05213 
747.208, 3.38327 
733.145, 3.72789 
715.759, 4.20318 
697.389, 4.80109 
682.896, 5.37545 
671.385, 5.94674 
652.847, 6.92989 
639.92 , 7.93151 
629.133, 8.90706 
617.293, 10.0527 
604.465, 11.7147 
592.495, 13.8162 
582.508, 15.9561 
570.974, 18.9508 
563.036, 22.1502 
556.32 , 25.4788 
549.684, 29.249 
543.67 , 33.9146 
539.338, 39.2852 
532.372, 45.0533 
524.971, 51.4108 
517.155, 58.1978 
508.947, 65.4868 
500.368, 73.1015 
492.425, 82.0107 
482.192, 92.282 
472.644, 102.293 
463.749, 112.939 
451.847, 128.876 
441.573, 145.162 
430.67 , 163.506 
422.565, 180.341 
411.308, 204.558 
401.554, 227.204 
394.391, 246.374 
389.297, 266.36 
385.038, 287.968 
381.589, 307.616 
379.685, 329.261 
375.908, 353.489 
373.285, 382.547 
372.167, 411.929 
371.052, 463.985 
370.311, 533.71 
370.081, 605.984 
#200K
10000 , 0.035149 
9398.82, 0.037848 
8780.95, 0.041289 
8162.78, 0.045449 
7610.93, 0.050028 
7068.05, 0.05579 
6730.07, 0.060135 
6344.48, 0.065996 
6023 , 0.071923 
5655.25, 0.079885 
5320.59, 0.088818 
4950.98, 0.101149 
4584.06, 0.116581 
4252.83, 0.134638 
3949.48, 0.155959 
3656.79, 0.182106 
3447.28, 0.207181 
3302.19, 0.228741 
3141.14, 0.256619 
2984.96, 0.291953 
2873.66, 0.320407 
2714.44, 0.373005 
2569.18, 0.434673 
2441.43, 0.503002 
2334 , 0.575704 
2229.07, 0.666203 
2156.71, 0.73848 
2114.01, 0.792026 
2070.07, 0.84353 
2039.26, 0.888554 
1984.93, 0.972233 
1930.12, 1.06698 
1871.21, 1.18038 
1810.47, 1.32689 
1741.22, 1.5324 
1672.94, 1.77507 
1600.93, 2.08515 
1538.16, 2.44694 
1488.22, 2.80062 
1438.48, 3.21183 
1394.57, 3.70559 
1371.06, 4.02628 
1345.26, 4.37035 
1319.94, 4.80589 
1287.35, 5.42405 
1255.56, 6.12785 
1225.79, 6.96462 
1191.94, 8.0675 
1160.19, 9.42009 
1115.81, 11.8206 
1080.67, 14.4666 
1053.99, 17.1989 
1035.19, 19.3336 
1017.74, 20.9438 
1000.58, 23.3324 
985.691, 26.3863 
971.987, 30.0796 
960.393, 33.0112 
941.376, 38.0479 
921.813, 44.0289 
899.953, 51.5652 
872.483, 62.4177 
850.941, 73.1746 
829.102, 83.7511 
807.823, 95.1876 
783.948, 109.273 
756.985, 126.576 
732.412, 145.162 
701.586, 170.008 
681.532, 188.077 
664.04 , 204.558 
646.351, 225.394 
631.023, 249.847 
615.443, 278.621 
605.069, 303.339 
593.682, 340.649 
586.014, 373.849 
578.445, 415.238 
574.985, 468.18 
572.689, 532.644 
571.689, 603.565 



